1673797881574 0.16715554893016815 0
1673797887289 0.39248889684677124 1
1673797892998 0.5009777545928955 2
1673797898717 0.5795999765396118 3
1673797904478 0.6348666548728943 4
1673797910389 0.6775333285331726 5
1673797916124 0.7126888632774353 6
1673797921804 0.7409555315971375 7
1673797927555 0.7591999769210815 8
1673797933235 0.7773555517196655 9
1673797939067 0.7964444160461426 10
1673797944983 0.8089555501937866 11
1673797950680 0.8222666382789612 12
1673797956409 0.8334222435951233 13
1673797962205 0.847599983215332 14
1673797967942 0.8562222123146057 15
1673797973685 0.862155556678772 16
1673797979439 0.8705333471298218 17
1673797985188 0.8806222081184387 18
1673797991056 0.8869777917861938 19
1673797996820 0.8954222202301025 20
1673798002619 0.901533305644989 21
1673798008396 0.9073110818862915 22
1673798014160 0.9113110899925232 23
1673798019924 0.9145777821540833 24
1673798025690 0.9210222363471985 25
1673798031442 0.9268222451210022 26
1673798037196 0.9285777807235718 27
1673798042952 0.9333999752998352 28
1673798048702 0.9325110912322998 29
1673798054448 0.9376000165939331 30
1673798060203 0.9404222369194031 31
1673798065952 0.941777765750885 32
1673798071703 0.9460222125053406 33
1673798077456 0.9454222321510315 34
1673798083206 0.9487333297729492 35
1673798088958 0.9481555819511414 36
1673798094711 0.9515777826309204 37
1673798100460 0.9528889060020447 38
1673798106221 0.9534666538238525 39
1673798111971 0.9562222361564636 40
1673798117724 0.957622230052948 41
1673798123470 0.953511118888855 42
1673798129255 0.9587555527687073 43
1673798135038 0.9562000036239624 44
1673798140793 0.9585777521133423 45
1673798146544 0.960622251033783 46
1673798152306 0.9626444578170776 47
1673798158048 0.9614222049713135 48
1673798163802 0.9645777940750122 49
