1673797881574 0.6397531628608704 0
1673797887289 0.8378638029098511 1
1673797892998 0.8924981951713562 2
1673797898717 0.9220149517059326 3
1673797904478 0.940557599067688 4
1673797910389 0.9527206420898438 5
1673797916124 0.9622591137886047 6
1673797921804 0.968435525894165 7
1673797927555 0.9733423590660095 8
1673797933235 0.9767925143241882 9
1673797939067 0.980156660079956 10
1673797944983 0.9825420379638672 11
1673797950680 0.9845222234725952 12
1673797956409 0.9859837889671326 13
1673797962205 0.9881131649017334 14
1673797967942 0.9896871447563171 15
1673797973685 0.9903690218925476 16
1673797979439 0.9914869070053101 17
1673797985188 0.9926385283470154 18
1673797991056 0.993304967880249 19
1673797996820 0.9942166209220886 20
1673798002619 0.9949190020561218 21
1673798008396 0.9951208233833313 22
1673798014160 0.9956275820732117 23
1673798019924 0.9957653880119324 24
1673798025690 0.9961881637573242 25
1673798031442 0.9969257116317749 26
1673798037196 0.997012734413147 27
1673798042952 0.997014582157135 28
1673798048702 0.9972497224807739 29
1673798054448 0.9973254203796387 30
1673798060203 0.997731626033783 31
1673798065952 0.9976856112480164 32
1673798071703 0.9981753826141357 33
1673798077456 0.9978882074356079 34
1673798083206 0.9981513023376465 35
1673798088958 0.9980897307395935 36
1673798094711 0.9982466101646423 37
1673798100460 0.9981282353401184 38
1673798106221 0.9982477426528931 39
1673798111971 0.9983541369438171 40
1673798117724 0.998390257358551 41
1673798123470 0.9981592893600464 42
1673798129255 0.998604953289032 43
1673798135038 0.998526394367218 44
1673798140793 0.9983640909194946 45
1673798146544 0.9985770583152771 46
1673798152306 0.998619794845581 47
1673798158048 0.9985799193382263 48
1673798163802 0.998562753200531 49
