1673797881574 2.1731936931610107 0
1673797887289 1.6514647006988525 1
1673797892998 1.369206428527832 2
1673797898717 1.1712470054626465 3
1673797904478 1.0233596563339233 4
1673797910389 0.9110207557678223 5
1673797916124 0.8107871413230896 6
1673797921804 0.738834798336029 7
1673797927555 0.6767671704292297 8
1673797933235 0.6289304494857788 9
1673797939067 0.5783963203430176 10
1673797944983 0.5400271415710449 11
1673797950680 0.5043632388114929 12
1673797956409 0.4754073917865753 13
1673797962205 0.4347822070121765 14
1673797967942 0.4036504626274109 15
1673797973685 0.38797569274902344 16
1673797979439 0.36411821842193604 17
1673797985188 0.3351587653160095 18
1673797991056 0.3168383538722992 19
1673797996820 0.2927810251712799 20
1673798002619 0.27469056844711304 21
1673798008396 0.26366758346557617 22
1673798014160 0.24686940014362335 23
1673798019924 0.23861826956272125 24
1673798025690 0.22536452114582062 25
1673798031442 0.20401258766651154 26
1673798037196 0.1994767189025879 27
1673798042952 0.1905461847782135 28
1673798048702 0.18834607303142548 29
1673798054448 0.17774856090545654 30
1673798060203 0.16723649203777313 31
1673798065952 0.1622157096862793 32
1673798071703 0.14916925132274628 33
1673798077456 0.1524541974067688 34
1673798083206 0.1441783457994461 35
1673798088958 0.14420853555202484 36
1673798094711 0.1392441689968109 37
1673798100460 0.13674572110176086 38
1673798106221 0.1323062926530838 39
1673798111971 0.1242799237370491 40
1673798117724 0.12417774647474289 41
1673798123470 0.13311177492141724 42
1673798129255 0.11909542232751846 43
1673798135038 0.12096226960420609 44
1673798140793 0.11791067570447922 45
1673798146544 0.11152725666761398 46
1673798152306 0.10738421231508255 47
1673798158048 0.11141333729028702 48
1673798163802 0.10192636400461197 49
